0
0
0
0
2114.86
3266.34
3169.14
2745.34
7404.76
9374.46
8779.29
8559.97
8029.27
7745.44
7456.81
7678.75
9299.28
8795.98
8173.23
7630.69
7698.17
7115.52
6920.83
6439.48
5961.9
5950.22
7032.84
7089.09
7582.1
6974.7
8612.79
0
169.232
0
1288.67
3850.58
7837.99
7492.57
6893.02
7133.56
6718.77
7133.04
8304.01
0
0
0
0
0
0
0
0
0
0
0
0
1206.21
2393.24
1957.04
1409.19
1063.79
1292.55
0
0
0
0
0
0
0
0
0
0
0
0
0
0
0
0
0
0
0
0
0
0
0
0
0
0
0
0
0
0
0
0
0
0
0
0
0
0
0
0
0
0
0
0
0
0
0
0
0
0
0
0
0
0
0
0
0
0
0
0
0
0
0
0
0
0
0
0
0
0
0
0
0
0
0
0
0
0
0
0
0
0
0
0
0
0
0
0
0
0
0
0
0
0
0
0
0
0
0
0
0
0
0
0
0
0
0
0
0
0
0
0
0
0
0
0
0
0
0
0
0
0
0
0
0
0
0
0
0
0
0
0
0
0
0
0
0
0
0
0
0
0
0
0
0
0
0
0
0
0
0
0
0
0
0
0
0
0
0
0
0
0
0
0
0
0
0
0
0
0
0
0
0
0
0
0
0
0
0
0
0
0
0
0
0
0
0
0
0
0
0
0
0
0
0
0
0
0
0
0
0
0
0
0
0
0
0
0
0
0
0
0
0
0
0
0
0
0
0
0
0
0
0
0
0
0
0
0
0
0
0
0
0
0
0
0
0
0
0
0
0
0
0
0
0
0
0
0
0
0
0
0
0
0
0
0
0
0
0
2522.56
1882.78
2220.08
3508.3
4632.75
4888.01
7281.83
0
0
0
0
0
0
0
0
0
0
0
0
0
0
0
0
129.418
3666.42
8476.45
8290.73
8433.21
7998.91
7889.14
8187.42
7696.46
7078
6642.16
6792.25
6367.97
5798.3
8645.27
20527.5
20458.6
2300.82
1657.58
0
0
0
0
0
0
0
0
0
0
0
0
0
0
0
0
0
0
0
0
0
0
0
0
0
0
0
0
0
0
0
0
0
0
0
0
0
0
0
0
0
0
0
0
0
0
0
0
0
0
0
0
0
0
0
0
0
0
0
0
0
0
0
0
0
0
0
0
0
0
0
0
0
0
0
0
0
0
0
0
0
0
0
0
0
0
0
0
0
0
0
0
0
0
0
0
0
0
0
0
0
0
0
0
0
0
0
0
0
0
0
0
0
0
0
0
0
0
0
0
0
0
0
0
0
0
0
0
0
0
0
0
0
0
0
0
0
0
0
0
0
0
0
0
0
0
0
0
0
0
0
0
0
0
0
0
0
0
0
0
0
0
0
0
0
0
0
0
0
0
0
0
0
0
0
0
0
0
0
3016.86
3217.64
2600.37
2845.58
2516.46
3349.97
3192.33
3719.29
3648.41
3321.05
2870.21
2607.53
2676.9
2201.98
3493.92
4789.47
5677.89
5345.86
6811.11
7444.72
6852.72
6334.3
5776.23
0
0
0
0
0
0
0
0
0
0
0
0
0
0
0
0
0
0
0
0
0
0
0
0
0
0
0
0
0
0
0
0
0
0
0
0
0
0
0
0
0
0
0
0
0
0
0
0
0
0
0
0
0
0
0
0
0
0
0
0
0
0
0
0
0
0
0
0
0
0
0
0
0
0
0
0
0
0
0
0
0
0
0
0
0
0
0
