4148
3657
1102
672
2951
787
4648
4680
1369
1907
272
1690
1916
859
696
1
309
1123
2431
1390
599
374
916
731
2079
1437
508
486
6628
1866
1020
2106
1514
3769
1151
1759
1225
1589
3825
129
1105
2009
972
199
3497
3310
1363
214
834
3720
5010
2444
1941
3523
1052
2307
909
639
126
2289
7587
541
19
327
3926
855
126
249
669
2454
2741
854
1965
973
1169
58
5135
191
794
6814
2854
3462
1101
5033
1124
9239
2164
1162
922
3082
7736
2131
1799
669
14
2421
940
2204
274
1433
1637
1353
113
273
1903
1861
19
1041
113
2006
193
1297
5527
2100
400
2186
231
2854
1526
773
2790
2758
1735
857
2193
397
955
2453
686
1283
945
937
1771
1229
648
113
3331
3564
6243
1525
1232
60
1415
1538
5777
1809
923
3023
7111
1191
3540
183
535
1120
583
1183
387
696
3016
3135
1242
1845
588
1468
1992
228
4372
1987
3463
389
400
9554
1743
429
331
295
1608
716
104
290
1851
27
1431
1661
415
1052
4820
232
3835
2320
1084
5641
463
2396
24
4368
3221
1104
3302
313
2701
535
828
278
940
1711
1549
1439
5
1084
6673
1571
868
1496
239
765
1205
663
1590
3098
1472
84
1452
1405
7573
636
11018
2320
71
1157
4836
2475
1082
9879
963
268
806
2774
975
3911
1547
137
2943
2127
615
6572
5939
384
1090
717
4512
2440
9265
654
915
159
920
1234
5876
1066
3
1704
271
3369
1762
77
4228
1515
1598
2189
11
168
1662
306
197
873
1244
3830
5419
4233
895
1152
66
300
224
2337
3110
212
9
263
2461
2079
32
320
2097
7531
276
1210
27
2066
87
3498
9950
2284
3785
2143
2393
1589
889
2567
22
4016
2942
241
2526
1417
343
1830
504
1122
1997
2828
5624
485
3382
508
284
644
1538
1049
5324
118
2046
1058
738
625
14
6667
3591
2022
