649
656
657
669
638
652
666
641
642
645
640
658
644
663
645
630
658
647
667
668
643
642
638
650
659
632
633
660
659
656
628
649
652
655
662
660
634
642
648
658
647
646
629
643
632
641
642
655
643
641
656
648
652
627
639
644
654
637
663
643
659
636
636
655
662
657
657
636
653
637
654
651
649
648
632
634
654
653
639
632
643
655
672
638
648
635
644
648
646
644
655
644
657
636
666
645
648
641
660
662
640
663
650
652
647
636
652
668
662
657
656
648
663
653
653
665
644
631
662
636
654
651
659
651
647
651
671
645
648
664
667
643
648
636
645
645
643
659
646
653
637
654
638
668
652
638
643
639
655
650
650
656
631
655
634
664
642
657
641
655
643
653
645
630
656
665
642
646
659
629
644
636
650
643
653
656
655
644
645
643
636
634
637
643
656
667
657
650
654
635
658
649
634
634
641
639
671
646
646
655
649
654
652
640
649
638
651
650
666
663
659
648
636
649
640
648
652
651
642
645
663
659
644
655
646
645
667
628
644
657
647
617
623
631
648
637
660
636
623
667
643
670
662
646
644
637
653
633
647
651
644
649
661
663
666
654
664
634
650
637
646
668
647
646
649
646
664
653
636
654
636
655
651
658
656
640
653
653
644
629
647
656
657
642
651
650
636
659
648
649
653
631
655
631
651
643
670
627
652
657
647
661
667
656
641
651
648
641
655
646
635
649
662
645
636
676
631
645
650
646
650
642
655
645
648
649
665
668
644
635
655
618
642
647
661
665
662
662
666
648
665
649
664
664
659
648
649
648
658
660
636
641
647
653
641
639
643
663
638
660
644
660
654
671
650
652
645
651
664
650
636
647
635
649
662
656
668
643
672
645
641
639
659
643
651
663
640
651
646
649
643
652
651
645
666
657
640
661
650
641
654
656
636
657
651
637
652
645
652
662
644
661
641
644
655
644
660
658
648
651
646
628
650
665
643
652
640
646
644
652
648
653
663
646
627
657
661
645
660
662
643
635
655
670
663
644
642
635
644
634
629
653
660
643
665
644
640
648
624
662
639
658
654
654
658
656
656
670
664
649
647
658
648
647
654
624
645
662
643
629
642
668
653
661
644
653
650
641
631
661
658
647
650
636
634
645
654
639
657
631
643
658
673
641
638
650
652
646
661
639
643
648
661
631
644
666
659
652
665
643
663
670
638
652
644
647
670
635
647
646
658
650
647
655
649
661
639
668
662
648
654
652
659
647
653
641
645
645
655
663
658
642
666
662
645
644
635
653
656
648
652
658
643
632
654
662
639
654
642
645
649
633
637
643
642
658
663
650
647
647
652
657
660
661
661
649
652
650
659
662
642
650
677
638
626
647
645
642
643
651
643
661
664
649
645
647
659
657
653
634
667
661
659
640
645
639
646
634
639
631
642
649
657
652
639
656
651
671
650
645
660
667
630
648
657
650
635
653
665
650
635
667
658
627
639
641
641
636
649
669
637
660
643
637
658
643
640
646
656
652
626
653
651
639
651
633
648
672
641
650
655
646
652
653
649
638
676
654
659
652
636
657
652
647
649
661
661
645
649
639
654
642
677
653
667
662
646
656
645
652
641
657
640
651
660
650
645
657
651
652
640
657
651
650
653
643
647
664
645
656
656
632
639
645
666
627
652
656
635
660
662
652
649
652
630
649
652
656
663
638
656
643
647
660
653
651
634
664
672
650
658
653
659
648
640
639
646
626
648
662
643
668
641
623
658
644
638
651
658
651
648
647
664
663
667
632
652
655
641
632
633
650
653
663
647
644
656
656
638
662
650
641
643
633
638
623
647
649
630
637
653
643
651
647
653
637
642
661
657
654
658
665
646
645
661
648
637
640
630
637
655
651
648
637
659
655
637
647
654
653
652
645
667
644
645
654
655
644
649
647
657
651
641
663
645
659
641
647
654
641
658
636
643
638
653
650
623
648
644
653
651
645
637
652
646
647
650
674
655
658
661
646
645
650
643
635
635
643
651
631
636
633
646
645
633
646
651
673
647
641
662
644
635
650
654
648
656
648
658
650
640
628
653
637
647
657
641
677
664
643
632
628
672
660
657
667
649
625
673
651
647
655
655
667
641
642
655
632
656
653
632
648
664
641
654
633
640
660
645
644
661
637
653
646
651
643
663
651
634
652
654
659
671
657
652
654
648
651
656
660
654
657
642
637
645
661
649
665
642
644
647
636
662
652
634
652
648
648
645
647
652
655
659
660
648
636
648
634
655
637
652
653
654
641
648
643
662
652
658
659
660
648
638
647
641
649
650
652
655
651
623
633
677
648
630
660
655
650
644
656
639
650
629
673
669
629
661
635
638
644
651
668
671
649
639
650
667
686
640
657
658
651
642
646
643
632
647
648
648
633
639
637
659
641
674
660
659
646
654
664
645
652
641
637
659
657
668
657
661
650
653
637
651
673
655
659
646
649
648
657
642
653
661
634
649
635
640
643
641
653
679
649
640
651
636
637
653
662
660
647
644
657
645
644
648
642
640
644
652
634
664
668
634
658
674
647
654
642
649
651
649
641
651
654
664
635
645
635
619
658
641
665
648
655
638
657
630
656
668
651
649
638
635
652
667
656
641
653
647
658
648
657
636
640
651
647
653
655
653
642
627
654
659
655
651
639
657
658
647
644
646
634
651
645
661
661
647
646
639
657
640
641
647
654
665
666
656
657
646
656
628
645
655
646
640
630
650
648
679
665
655
650
653
629
659
656
644
651
647
635
656
651
641
661
656
646
644
650
651
632
657
643
652
655
658
649
646
649
636
658
672
645
647
648
639
653
656
658
663
654
659
644
658
637
666
669
651
651
652
660
651
645
654
640
645
674
630
648
660
654
645
657
635
646
652
658
638
649
652
630
645
653
662
662
642
649
657
659
664
639
648
635
663
672
652
649
633
638
632
647
643
655
649
650
651
644
640
646
664
650
642
662
641
654
640
645
640
654
651
659
657
651
652
641
657
663
648
666
642
651
656
648
654
633
645
665
652
644
652
669
650
652
652
639
647
667
652
642
642
652
636
642
644
646
646
645
633
662
636
655
649
662
659
646
650
665
661
638
645
647
646
643
652
650
651
650
649
663
659
665
639
672
667
647
637
638
649
645
644
659
655
654
663
648
643
622
637
657
651
648
653
659
640
623
659
634
640
645
642
642
627
647
653
657
654
656
645
675
641
651
670
649
638
652
641
638
663
643
650
646
648
655
647
636
641
645
651
631
637
653
637
654
637
657
656
660
638
651
641
665
654
642
640
662
646
653
647
644
645
652
651
640
627
655
643
648
637
669
660
646
651
646
640
629
645
649
637
657
649
650
646
667
658
637
651
639
654
653
641
638
645
661
662
655
654
653
650
639
653
640
642
651
630
631
636
652
644
654
652
646
648
658
656
638
642
641
657
643
648
654
656
649
656
636
643
661
629
651
656
640
641
655
645
648
664
661
648
638
649
645
646
653
675
646
646
653
657
665
657
658
