4920
12337
21702
2064
2807
325
7642
454
6638
8421
1190
476
3690
9824
2909
304
4064
460
6116
2468
2138
322
2872
10418
5189
1198
2907
2601
14610
2217
12921
16557
6365
3092
8950
11050
3582
7071
3866
812
180
12972
431
512
5232
14078
493
34
11851
19516
6669
6108
19038
1843
1561
231
3220
1131
2698
11529
10324
2184
1893
5938
5273
5581
10194
2148
1553
14303
1626
5899
4393
150
995
2023
2758
5632
1865
5000
1230
8105
16573
1678
7454
4140
2929
10563
2364
1737
8095
1082
3284
1139
202
201
13879
645
533
15819
8899
1738
3658
5660
5310
4115
2437
3964
11689
12148
2256
552
380
8371
125
1752
10164
2555
9119
5491
8388
2301
7159
4222
7196
3579
1366
19679
279
2249
1432
3645
7241
568
4452
5890
3202
1830
4426
4779
5102
2710
1032
11146
1693
4478
1376
4264
23
1097
3854
31464
4
7321
6170
3252
2583
1921
2141
4316
101
8002
10203
3442
2232
2940
2716
708
4883
4368
863
3737
981
19409
1442
3868
1439
9502
18465
5399
4724
17757
4858
3695
7674
650
3349
1369
7911
12947
7234
17480
2475
11055
19420
398
11857
659
3276
6263
3215
8045
3242
489
16391
12217
5796
1653
8718
3399
713
4135
9169
1372
459
3623
4889
2842
6421
4447
1018
3965
2106
7125
5980
6848
7159
1874
1366
13351
11084
2953
2658
7874
3815
10861
4998
5806
3603
4546
8078
19461
3553
2010
407
6563
14437
429
2851
12152
10562
1542
4289
6638
12245
21439
3547
3339
11855
3327
4567
1206
3547
7462
1266
3422
3291
5570
4639
4521
1583
9951
6399
3354
26551
3335
84
4782
6305
597
4154
1667
16343
2300
2418
2672
976
793
3702
3991
910
3028
8973
7424
4146
3580
13212
2661
9492
26322
10293
2019
874
1880
4003
3124
10968
907
3993
3168
1073
14309
1777
3933
4446
14593
12704
3234
5034
13257
7408
474
245
3720
9188
2998
3704
3159
1912
1676
6784
2757
26026
4418
4201
27387
3367
3254
137
6649
4576
481
401
1279
6154
3796
3646
809
11036
7900
18886
2054
10916
1998
13289
4069
20968
433
803
4663
4172
1015
5476
5980
6164
13163
778
26053
2641
5830
28383
353
870
1853
32878
2196
6009
1402
630
27023
422
4200
19505
3892
19872
9971
4785
4819
10469
15458
2671
15198
13888
12250
119
944
57
13145
3626
2777
11844
536
10896
3844
2570
9202
5604
1559
6066
4422
4028
3182
7273
5902
16335
3479
14313
2018
1978
17208
3897
5019
1317
4689
8106
708
7868
3485
580
18911
6622
894
21925
786
5464
5492
2435
7152
2947
346
7215
29758
22609
4935
4013
784
1189
4926
5037
15179
4360
11957
14316
6534
4862
4283
3558
2522
731
11266
1447
1416
8795
3313
2286
2126
147
1049
3155
1738
1999
17640
14431
1918
15142
5431
2975
1672
12181
793
691
754
2714
3233
3720
2549
3196
5240
659
4073
28
3445
67
4661
9505
593
879
13212
5956
5784
3340
2701
13380
5061
12078
1652
972
4249
1919
135
18489
6095
9088
106
4554
4088
7119
2513
2490
4518
7101
5460
14121
4012
110
15011
7382
4060
1064
361
11714
23232
4779
380
12359
11437
12267
817
3580
1001
8470
28
23999
13363
349
9378
262
340
9267
1513
8152
1640
5737
662
916
5159
15009
155
14119
2758
9378
2583
485
8688
8864
343
4335
13971
4687
6837
9952
1817
4898
1124
830
2464
7238
3183
3487
696
6355
13592
1654
11697
1277
14573
5972
5184
5146
1899
1676
132
1681
4042
6521
1963
1999
760
5662
6482
9433
1434
14976
8149
556
1408
5467
3176
18957
28443
15518
3389
5519
15800
1656
724
4772
10689
3016
3254
7002
3990
8234
144
3
4691
557
1316
10530
2110
12243
1306
739
15840
9684
3536
8874
13242
1903
3427
3867
362
7785
16526
416
1
10082
3771
1124
25979
3225
1621
2050
1351
4489
2070
4875
674
5577
21066
5193
10206
5107
605
580
1951
15
1214
2007
2299
1063
4163
2189
4365
332
2670
736
2372
3028
2143
4710
7653
3877
7397
18734
