4894
4197
58
450
792
34
8782
3849
932
9912
195
2183
2925
6858
7133
2482
1919
2769
3877
1199
5172
5915
3918
455
577
4075
2528
1179
1950
1369
587
322
684
4909
2953
63
11099
5791
332
2440
3420
373
1178
586
1958
12
2106
9106
2090
177
6074
2055
3446
1836
941
517
3080
5265
343
7891
8685
211
9012
1830
277
3768
6548
2853
283
4227
7055
723
1954
5878
3572
793
1914
4670
3254
97
4732
336
581
244
500
2573
753
1764
3452
124
5201
2000
292
1967
3884
3688
2907
3404
2631
5145
234
2412
1829
1031
523
2627
1765
3488
2287
2869
169
4111
2359
988
526
3415
7514
3031
801
3425
2244
4759
6003
227
875
1459
4609
2432
6156
2763
1851
3575
1955
719
1501
3687
6368
3104
6784
343
6069
2006
781
97
584
4135
2170
2698
767
3309
33
1293
3603
836
637
482
497
3399
1920
5614
8669
2864
1013
2430
2826
3660
164
1714
824
356
6531
4409
4336
13
5975
14703
2365
262
128
210
4781
1076
396
137
904
812
196
2387
399
267
298
18
1175
1470
7017
4935
1109
1320
1970
186
2219
1252
67
4472
1880
3368
5582
2051
1724
4393
1101
84
8975
679
3640
914
418
7618
459
1274
2406
4197
7566
2213
1763
935
960
1905
2272
14398
6343
1016
1045
3411
2821
292
1835
320
1825
1350
3027
189
547
1119
9875
5680
5467
7642
6054
2806
6401
2687
1464
59
1948
354
653
265
2986
63
4303
86
1175
69
4249
376
3034
3451
1663
3054
1292
825
2821
6050
6678
179
3905
13288
3594
754
7370
4792
1104
1653
1536
1369
2473
776
4174
1728
776
2089
6493
2935
3104
1535
1332
70
1741
2875
471
2179
986
7107
3699
277
4072
8562
2864
252
4794
2287
10307
2095
9565
4384
6853
75
237
2576
1700
3630
1686
3490
1536
3960
1374
120
967
2500
1318
205
333
1901
1960
3221
2697
9004
692
1729
5449
1831
4509
1
1069
890
619
1018
309
295
1486
4225
657
106
3736
202
44
3823
1481
1393
1105
3332
1030
2177
1888
6713
92
1189
617
78
2455
8628
3731
5622
4312
2670
4957
1661
764
10644
50
1273
2623
4421
4970
359
5950
1341
2087
569
101
8638
367
1036
3656
3781
1508
3340
122
4890
175
1685
56
1286
379
5872
