8215
4564
2941
6971
1797
7997
6242
10597
654
267
1928
570
1431
2792
3115
2566
2344
1569
1677
7179
3
4725
1530
281
4695
857
2670
2709
1700
1029
12
6381
5593
2482
3802
2145
2761
1138
7499
202
345
3211
201
1048
1581
7826
5432
2597
1682
5658
5217
372
3507
390
7225
3173
3528
6086
1250
2992
615
1373
7462
1031
2144
408
10474
6335
8218
3455
2646
472
4309
155
1162
1257
541
1736
8205
494
974
3739
6882
12185
4897
564
2976
2734
3288
2161
218
1418
1190
3654
84
2897
179
5251
1974
1820
1960
1504
797
2102
5904
13
2546
57
252
684
3272
3141
15020
4754
6691
898
10158
64
902
3491
6033
3103
4821
909
6015
1351
2208
997
2131
173
348
9039
5153
1701
3853
1579
2377
7809
4093
516
1603
18314
6376
5505
9058
102
4956
534
561
1482
2245
1627
5985
2260
365
4849
810
1974
14487
410
538
189
1609
4
2834
4162
3846
1034
1444
947
879
1961
539
1956
6093
3238
524
2001
589
2787
2302
2048
7482
3562
1948
546
6997
7052
4680
270
1454
16980
7431
1719
92
7318
2751
4957
1113
2043
3016
3148
104
353
1605
5864
126
2977
951
2275
1569
2657
589
4994
4198
5111
3296
7391
2386
974
278
1464
232
2366
9753
3419
1163
2418
4565
7528
3424
1203
787
2398
3993
1420
3199
10495
656
2703
2820
1143
1299
331
4628
845
147
1509
491
4223
286
216
2235
723
873
3365
220
3548
6881
2077
6416
137
1387
101
7123
5501
2222
3160
10
9328
6270
4430
2931
1107
6535
6809
57
1829
2311
1143
205
370
1870
978
1312
1523
7901
773
2060
521
6585
5927
683
15
155
540
1898
1751
3301
432
6703
3476
2201
2401
5983
1997
504
3333
905
5906
1923
2259
8377
678
2744
2080
5990
251
1270
3979
4510
2749
1411
6689
6583
1820
307
210
488
3307
9782
3074
47
3825
2484
2251
57
1068
9515
600
1264
1197
9307
1038
832
3890
271
500
1625
2752
52
4889
396
1132
2291
343
606
9703
2870
445
1049
6065
13511
1058
2301
8152
984
4160
1197
873
312
784
88
1020
5976
20712
64
355
1929
633
251
1783
859
1194
1467
862
767
9786
1610
8306
358
5668
2393
2517
2107
196
3889
1
3525
3311
1603
626
12361
1195
7035
7339
9580
2381
555
199
310
1944
968
2435
3747
2217
234
3718
303
2769
379
266
235
393
4246
1097
6228
250
2730
306
3167
965
2555
7775
3042
1462
3546
8155
4188
748
4881
1190
5908
986
4431
1582
5311
4880
6654
3329
394
379
7208
11789
1132
298
664
2312
3055
1261
1482
500
966
9153
1779
2327
10963
2058
1335
945
12915
594
198
3653
9758
99
414
20006
1775
979
5990
4376
130
3857
3033
880
1540
1125
184
3877
5440
2222
870
3863
2796
2739
717
6818
1987
7360
1636
1157
3961
976
2046
2882
2424
2191
854
5880
6925
5214
6248
7714
671
9291
439
582
400
4549
2606
1493
128
6663
1490
8963
460
2834
3193
2533
991
3075
461
2723
327
1485
1825
1777
1729
1624
7698
5191
84
2405
10172
7257
11054
477
948
5615
2716
872
378
1402
2312
4162
3893
4520
4984
5433
1148
381
5526
1455
3332
2689
4213
1351
58
10158
816
316
882
812
813
4818
10911
1416
16283
722
781
5095
1872
14151
2607
86
1170
13119
3764
8396
865
8519
3089
2780
1559
6330
2768
1968
2869
6420
2896
3390
831
2884
8372
2049
9395
1311
9293
3172
624
6849
2639
2405
1395
356
4585
884
6594
1569
7022
2927
302
2748
1040
10352
8504
2233
375
2828
2072
3961
589
1730
2131
1013
873
675
3157
4104
9383
2435
1397
2123
2046
10256
4907
2050
1251
8482
454
1069
3970
3944
7306
1055
2749
6091
1578
848
4621
4757
696
462
1513
2197
75
1280
247
5728
2801
497
3396
3360
1228
391
1086
4000
200
4036
1383
4653
1641
4696
2219
1818
579
9025
7073
1169
1244
5257
947
276
4165
829
3255
835
39
4738
1218
4180
2575
3240
1639
6943
11783
3982
6163
87
9702
3123
627
719
1106
262
1502
4075
1305
11160
5218
1925
343
1937
2443
6118
2653
1263
3434
246
1847
13504
4565
3548
15354
2740
1062
83
7866
12580
2881
3136
1194
421
1449
1180
135
376
2073
1660
2329
221
3414
8479
1205
752
3767
17425
6455
7578
3403
250
2741
2608
1563
971
4594
2490
6420
2297
446
3691
5
3539
6213
405
4715
6510
1769
3107
4723
1652
20045
834
9380
2530
385
305
1346
1337
301
3465
1093
6104
787
229
3294
5546
4596
1926
5889
837
6763
5148
6110
10475
11756
2439
1643
2036
269
4613
997
1425
2999
70
4032
2771
4353
16105
2599
5858
304
5917
3879
3488
29
3799
4555
3270
2810
6487
3035
2385
1499
1557
5203
6700
1009
5874
1396
2341
577
2990
9360
2131
441
3384
3526
32
7273
103
11901
1089
2144
3496
3741
3064
3879
7954
12482
8645
343
340
1016
247
1965
8293
19237
1894
13773
626
1947
