4234
4202
4244
4168
4248
4178
4123
4174
4100
4202
4157
4242
4226
4242
4142
4200
4189
4246
4182
4171
4208
4173
4313
4192
4158
4224
4334
4128
4201
4171
4190
4298
4126
4181
4222
4090
4279
4233
4222
4213
4259
4206
4201
4281
4258
4112
4150
4191
4275
4266
4211
4299
4149
4211
4226
4192
4248
4192
4199
4230
4210
4180
4176
4265
4231
4268
4164
4129
4274
4180
4318
4158
4253
4254
4251
4195
4150
4238
4214
4146
4184
4164
4144
4193
4207
4178
4130
4168
4235
4214
4203
4171
4220
4177
4255
4189
4232
4183
4172
4129
4158
4249
4203
4252
4227
4179
4176
4199
4227
4261
4174
4189
4239
4163
4180
4266
4188
4203
4168
4186
4204
4172
4186
4168
4189
4150
4251
4156
4227
4201
4143
4213
4126
4143
4315
4216
4252
4198
4189
4258
4159
4196
4248
4276
4176
4186
4216
4313
4274
4202
4157
4215
4171
4234
4237
4202
4305
4133
4210
4248
4101
4242
4243
4180
4133
4206
4142
4160
4182
4243
4184
4137
4214
4236
4178
4188
4206
4224
4152
4171
4091
4184
4208
4168
4236
4075
4301
4215
4130
4167
4207
4215
4184
4278
4227
4167
4266
4215
4222
4189
4207
4101
4238
4182
4275
4230
4010
4189
4188
4248
4181
4230
4151
4211
4214
4193
4222
4234
4109
4211
4178
4292
4315
4213
4087
4145
4164
4175
4221
4201
4213
4228
4230
4301
4242
4269
4161
4262
