2797
2859
2977
2783
2895
3102
2900
3012
2766
2691
2913
2982
3016
2963
2847
2788
2869
2860
2928
2713
2896
2918
2804
2915
2931
2863
2954
2887
2817
2915
2818
2800
2836
2761
2821
2932
2903
3003
2907
2964
3017
3119
2858
2892
2985
2930
2853
2942
2925
2951
2947
2735
2891
2942
2976
2939
2764
2866
2854
2832
2898
2822
2997
2893
2970
3044
2891
2842
2901
2841
2982
2818
2785
2953
2836
2839
2797
2856
2941
2944
2827
2932
2936
2886
2901
2800
2861
3025
3099
2773
2776
2876
2871
2808
2996
2756
2973
2961
2942
2986
2954
2861
3069
2956
2891
2790
2927
2836
2871
2939
2947
2944
2936
2886
2905
2849
2871
2852
3105
2872
2898
2816
2968
2976
2869
3000
2812
2934
2958
2837
2897
2943
2862
2961
2860
3080
3022
2898
2745
3006
2966
2969
2904
2910
2902
3032
2777
2992
2782
3025
2879
2913
2918
2773
2932
2899
2744
2826
2973
2968
2915
3109
2858
3018
3006
2795
2849
2919
2782
3003
2892
2940
2813
2834
2948
2880
2813
2828
2954
2916
2917
3041
2892
2810
2947
2887
2756
2948
2850
2929
2851
2811
2954
2944
3021
2770
2950
2909
2818
2995
2884
2943
2903
2828
2917
2999
2861
3077
2974
2929
3002
2900
2738
2905
2903
2922
2971
3037
2935
2906
2902
2914
2891
3012
2913
2999
3003
2924
2889
2891
3084
3071
2912
2847
2865
3000
2884
2894
2852
2838
2935
2976
2962
2860
2902
2955
2970
2904
2898
2865
2851
2854
2878
2955
2833
2947
2930
2823
2913
2956
2986
3048
2998
2917
2838
2992
3036
2926
2845
2918
2915
2939
2978
2923
2841
2872
3007
2882
2929
2960
2912
2952
3035
2778
2775
2826
2743
2938
2860
2771
2980
2857
2949
2957
2980
2887
2871
2778
3129
2815
2798
2910
2842
2771
2893
2848
2879
2798
3004
2950
3014
2746
2876
2917
2964
2920
2796
2874
3015
2970
2877
3054
2939
2849
2905
2832
2935
2797
2909
3036
2858
2974
2834
2887
2878
2833
2893
2873
2966
2948
2928
2698
2987
2967
2889
2902
2850
2962
2759
2825
2801
2993
2882
2968
2911
2821
2991
2799
2852
2904
3056
2860
3011
3027
2978
2925
2933
2918
3061
2934
3058
2841
2826
2899
2836
2959
2819
2888
2914
3007
2862
2832
2785
2929
2876
2980
2830
2950
2925
2980
2802
2886
3004
2948
2984
2972
2859
2840
2939
2744
2947
2901
2930
2796
2990
2867
2858
2903
2790
2812
2800
2805
2879
2913
3065
2928
2864
2888
2863
2912
2945
2784
2845
2914
2861
2870
2935
3149
3002
2937
2952
2987
2924
2877
2954
2846
2690
2870
2954
2886
2900
2901
2940
2938
2863
2721
2752
2857
2936
2959
2837
2794
2920
2986
2948
2981
2936
2889
3044
3006
2963
2815
2889
2896
2936
2831
2843
2968
2992
3037
2839
2769
2985
2762
2883
2942
2923
2871
2897
2933
2933
2964
2775
2834
2981
2925
2749
2914
2935
2924
2842
2922
2887
2965
2959
2894
2858
2774
2846
2923
2858
2925
2842
2841
2827
2838
2988
2771
2897
2874
2866
2954
2841
2808
2786
2912
2939
2892
2835
2845
3021
2776
2742
2999
3013
3071
2814
2978
2923
2848
2928
2880
2805
2866
2871
2856
2936
2935
3121
2754
2917
2851
2878
3024
2881
2930
2990
2909
2877
3054
2894
3013
2816
2875
2976
2771
3008
2912
2987
2880
2796
2925
2808
2937
2761
2860
2900
2867
2951
2903
2971
3024
2738
3034
3053
2966
2814
2792
2822
2835
2887
3030
2878
2965
2879
2894
2943
2919
2868
3010
2863
3021
2851
2837
2942
2814
2930
2865
2846
2997
3005
2842
2809
2916
2895
2965
2993
2958
2994
2921
2883
2858
2846
2765
2746
2768
2885
2830
2983
2847
2870
2715
2879
2932
2904
2813
2996
2728
2810
2753
2891
2853
3073
2881
2907
2905
2955
2944
3108
2939
2900
2896
2938
2939
2844
2886
2876
2874
2915
2943
2843
2905
2942
2897
2992
2926
2897
2883
2884
2904
2840
2970
2972
2891
2644
2915
3022
2827
2923
2949
2904
2879
2895
2963
2866
2957
2906
3004
2883
2971
2879
2843
2844
2901
2858
2936
2801
2849
2849
2898
2872
2986
3059
2822
2980
2862
2885
2883
3061
3001
3030
2853
2828
2864
2957
2884
2865
2966
2828
2869
2951
2833
2773
2901
2911
2981
2995
3051
2959
2909
2828
2759
2937
2949
2943
2744
2930
2969
2981
2911
2982
2885
2847
2885
3029
2913
2831
2723
2887
2815
2859
2980
2848
2850
3045
2860
2967
2926
2716
3005
2737
2787
2919
2911
2877
2837
2734
2888
2934
2892
2728
2935
2998
2976
2891
2878
2875
2855
2926
2817
3076
2932
2857
2882
2914
2942
2953
2838
2933
2896
2913
2863
2973
2780
2903
2877
2907
2907
2901
2888
3058
2901
2783
2905
2897
2980
2924
2906
2922
2877
2937
3006
2899
2894
2891
2940
2853
2982
2864
2896
2861
2813
3018
2920
2885
2879
2912
2904
2868
2937
2910
2825
2902
2732
2845
2900
2948
2941
2939
2677
