67
67
67
67
67
67
67
67
67
67
67
67
70
70
70
70
70
70
70
70
70
70
70
70
70
70
70
70
70
70
70
70
70
70
70
70
70
70
70
70
70
70
70
73
73
73
73
73
73
73
73
73
73
73
73
73
73
73
73
73
73
73
73
73
73
73
73
73
73
73
77
77
77
77
77
77
77
77
77
77
77
77
77
77
77
77
77
77
77
77
77
77
77
77
77
80
80
80
80
80
80
80
80
80
80
80
80
80
80
83
83
83
83
83
83
83
83
83
83
83
83
86
86
86
86
86
86
86
86
86
86
86
90
90
90
90
90
90
90
90
90
90
90
90
90
90
93
93
93
93
93
93
93
93
93
93
93
93
93
93
93
93
93
93
96
96
96
96
96
96
96
96
96
96
96
96
96
96
96
96
96
96
96
96
100
100
100
100
100
100
100
100
100
100
100
100
100
100
100
100
100
100
100
100
100
2
2
2
2
2
2
2
5
5
5
5
5
5
5
5
5
5
5
5
5
5
5
8
8
8
8
8
8
8
8
8
8
8
8
8
8
8
8
8
8
8
8
8
8
8
8
8
8
8
8
12
12
12
12
12
12
12
12
12
12
12
12
12
12
12
12
12
12
12
12
12
12
15
15
15
15
15
15
15
15
15
15
15
15
15
15
15
15
15
15
15
15
15
15
15
15
15
15
15
15
15
15
15
15
15
15
15
18
18
18
18
18
18
18
18
18
18
18
18
18
18
18
18
18
18
18
18
18
18
18
18
21
21
21
21
21
21
21
21
21
21
21
21
21
21
21
21
21
21
21
21
21
21
21
21
21
21
21
21
21
21
21
25
25
25
25
25
25
25
25
25
25
25
25
25
25
25
25
25
25
25
25
25
25
25
25
25
25
25
25
28
28
28
28
28
28
28
28
28
28
28
28
28
28
28
28
28
28
28
28
28
28
28
28
28
28
31
31
31
31
31
31
31
31
31
31
31
31
31
31
31
31
31
31
31
31
31
31
31
31
31
31
31
31
31
31
31
34
34
34
34
34
34
34
34
34
34
34
34
34
34
34
34
34
34
34
34
34
34
38
38
38
38
38
38
38
38
38
38
38
38
38
38
38
38
38
38
38
38
38
41
41
41
41
41
41
41
41
41
41
41
41
41
41
41
41
41
41
41
41
41
41
41
41
41
41
41
41
41
44
44
44
44
44
44
44
44
44
44
44
44
44
44
44
44
44
44
44
44
48
48
48
48
48
48
48
48
48
48
48
48
48
48
48
48
48
48
48
48
51
51
51
51
51
51
51
51
51
51
51
51
51
51
51
51
51
51
51
51
51
51
51
51
51
51
51
51
54
54
54
54
54
54
54
54
54
54
54
54
54
54
54
54
54
54
54
54
54
54
54
54
54
54
57
57
57
57
57
57
57
57
57
57
57
57
57
57
57
57
57
57
57
57
57
57
61
61
61
61
61
61
61
61
61
61
61
64
64
64
64
64
64
64
64
64
64
64
67
67
67
67
67
67
67
67
67
67
67
67
67
67
67
67
67
67
67
67
67
67
67
67
67
67
67
70
70
70
70
70
70
70
70
70
70
74
74
74
74
74
74
74
74
74
74
77
77
77
77
77
77
77
77
77
77
77
80
80
80
80
80
80
80
80
80
80
80
80
80
80
80
80
80
80
80
83
83
83
83
83
83
83
83
83
83
83
83
83
83
87
87
87
87
87
87
87
87
90
90
90
90
90
90
90
93
93
93
93
93
93
93
96
96
96
96
96
96
96
96
96
96
96
96
100
100
100
100
100
100
100
100
100
100
100
100
100
100
2
2
2
5
5
9
9
9
9
9
9
9
9
9
9
9
9
9
9
9
9
9
9
9
9
9
9
9
9
12
12
12
12
12
15
15
15
18
18
18
18
18
18
22
22
22
22
22
22
22
22
22
22
22
22
22
22
22
22
22
25
25
25
25
25
25
25
25
25
25
25
25
25
25
25
25
25
25
25
25
25
25
25
25
25
25
25
25
25
25
25
25
25
25
25
25
25
25
28
28
28
28
28
28
28
28
28
28
28
28
28
28
28
28
28
28
28
28
28
28
28
28
28
28
28
28
28
28
28
28
28
28
28
28
28
28
28
28
28
28
28
28
28
28
28
28
28
31
31
31
31
31
31
31
31
31
31
31
31
31
31
31
31
31
31
31
31
31
31
35
35
35
35
35
35
35
35
35
38
38
38
38
38
38
38
38
38
38
38
38
38
38
41
41
41
41
41
41
41
41
41
41
41
41
41
41
41
44
44
44
44
44
44
44
44
44
44
44
44
44
44
44
44
44
48
48
48
48
48
48
48
48
48
48
51
51
51
51
51
51
51
51
51
51
51
51
51
54
54
54
54
54
54
54
54
54
54
54
54
54
54
54
54
54
54
58
58
58
58
58
58
58
58
58
58
58
58
58
61
61
61
61
61
61
61
61
61
61
61
61
61
64
64
64
64
64
64
64
64
64
64
64
64
64
64
64
64
64
64
64
64
64
64
64
67
67
67
67
67
67
67
67
67
67
67
67
67
67
67
67
67
71
71
71
71
71
71
71
71
71
71
74
74
74
74
74
74
74
74
74
74
74
74
74
74
74
74
74
74
74
74
74
74
74
74
74
74
74
74
74
74
74
74
74
74
74
74
74
77
77
77
77
77
77
77
77
77
77
77
77
77
77
77
77
77
77
77
77
77
80
80
80
80
80
80
80
80
80
80
80
80
84
84
84
84
84
84
84
87
87
87
87
87
87
87
87
90
90
90
90
90
90
90
90
90
90
90
90
90
90
93
93
93
93
93
93
93
93
93
93
93
93
93
93
93
93
93
93
93
93
93
97
97
97
97
97
97
97
97
97
97
97
97
100
100
100
100
100
100
100
100
100
2
2
2
2
2
2
2
2
2
2
2
2
2
6
6
6
6
6
6
6
6
6
6
6
6
6
6
6
6
9
9
9
9
9
9
9
9
9
9
9
9
9
9
9
9
9
9
9
9
9
9
9
9
9
9
9
9
9
9
9
9
9
9
9
9
9
9
9
9
9
9
9
12
12
12
12
12
12
12
12
12
12
12
12
12
12
12
12
12
12
12
12
15
15
15
15
15
15
15
15
15
15
15
15
15
15
15
15
15
15
15
15
15
15
15
15
15
15
15
15
15
15
15
15
19
19
19
19
19
19
19
19
19
19
19
19
19
19
19
19
19
19
19
19
19
19
19
19
19
19
19
19
19
19
19
19
19
19
19
19
19
19
19
19
19
19
19
19
19
19
19
19
19
19
19
19
19
19
22
22
22
22
22
22
22
22
22
22
22
22
22
22
22
22
22
22
22
22
22
22
22
22
22
22
22
22
22
22
22
22
22
22
22
22
22
22
22
25
25
25
25
25
25
25
25
25
25
25
25
25
25
25
25
25
25
25
25
25
25
25
25
25
25
25
25
25
25
25
25
25
25
25
25
25
25
25
